97.0	99.0	25.0	80.0	24.0	48.0	72.0
80.0	81.0	72.0	55.0	40.0	41.0	63.0	
72.0	88.0	64.0	49.0	32.0	48.0	64.0	
97.0	98.0	57.0	73.0	32.0	64.0	56.0	
73.0	73.0	48.0	64.0	24.0	56.0	72.0	
81.0	81.0	72.0	56.0	24.0	56.0	64.0	
81.0	81.0	72.0	49.0	31.0	55.0	56.0	
89.0	89.0	64.0	73.0	25.0	57.0	56.0	
72.0	97.0	72.0	48.0	24.0	48.0	63.0	
81.0	81.0	64.0	65.0	24.0	48.0	55.0	
81.0	81.0	56.0	64.0	24.0	49.0	40.0
88.0	88.0	64.0	56.0	24.0	72.0	64.0	
80.0	112.0	80.0	56.0	41.0	65.0	63.0	
81.0	81.0	64.0	57.0	33.0	49.0	64.0	
88.0	89.0	79.0	72.0	15.0	63.0	56.0	
97.0	97.0	80.0	72.0	32.0	72.0	71.0	
89.0	90.0	80.0	56.0	32.0	72.0	88.0	
89.0	90.0	72.0	48.0	24.0	48.0	72.0
81.0	81.0	71.0	80.0	48.0	71.0	72.0	
88.0	89.0	79.0	40.0	40.0	57.0	81.0	
89.0	90.0	72.0	80.0	48.0	81.0	71.0	
97.0	98.0	54.0	80.0	41.0	73.0	73.0	
80.0	112.0	80.0	56.0	49.0	72.0	72.0	
80.0	97.0	73.0	56.0	49.0	72.0	72.0	
72.0	89.0	72.0	64.0	32.0	56.0	88.0	
64.0	96.0	72.0	56.0	56.0	72.0	72.0
90.0	90.0	64.0	48.0	32.0	64.0	64.0	
