Матриця
	71.0	87.0	56.0	72.0	33.0	56.0	56.0	
	81.0	126.0	31.0	64.0	64.0	48.0	56.0	
	72.0	132.0	64.0	73.0	24.0	65.0	71.0	
	89.0	104.0	63.0	81.0	41.0	65.0	64.0	
	81.0	115.0	64.0	63.0	31.0	55.0	64.0	
	64.0	65.0	71.0	64.0	31.0	55.0	64.0	
	89.0	91.0	55.0	63.0	24.0	65.0	56.0	

Mx	78	103	58	69	35	58	62	

Dx	90	560	168	48	192	45	33	

sigma	9.494359227607577	23.66029424604698	12.957806986707354	6.948792289723034	13.86671245413686	6.679749068568939	5.769377287516765	

Кореляція:	
	1	0	0	0	0	0	0	
	0	1	0	0	0	0	0	
	0	0	1	0	-1	1	1	
	0	0	0	1	0	1	0	
	0	0	-1	0	1	-1	0	
	0	0	1	1	-1	1	0	
	0	0	1	0	0	0	1	

Коваріація:	
	77	65	-35	8	22	18	-14	
	65	480	-114	22	89	1	34	
	-35	-114	144	18	-122	39	42	
	8	22	18	41	-2	21	12	
	22	89	-122	-2	165	-54	-28	
	18	1	39	21	-54	38	14	
	-14	34	42	12	-28	14	29	

Довірчі інтервали:	
	71	85	48	63	25	53	57	
	85	120	67	74	46	63	66	